EL DOBLE DEL TRAMO DEL AUDITOR 197, CERRADO HOY Y ANTES DE QUE NADIE MIRE
Instrumento: vecinos() IMPORTADA de scripts/loop/vuelta182_tarea1c_relectura_al_doble.py,
y puestos_de()/numeros_de()/UNIVERSO_CONSUMIDO IMPORTADOS de
scripts/loop/vuelta196_tarea2_relectura_al_doble.py. Nada se copio.
Motivo: AUDITOR.md 1.2. CINCO discrepancias mias cayeron FUERA del marcado del
archivo (655, 719, 976, 1809, 1810), asi que el credito de mi tanda BAJA y el
tramo se relee al doble. La serie medida va 30, 60, 120 y ahora 120 mas 120.
CIFRA ficheros del universo: 16
CIFRA universo consumido: 681
CIFRA universo sin el tramo, por diferencia de conjuntos: 561
CIFRA tramo: 120
CIFRA doble: 120
CIFRA solape con el tramo: 0
CIFRA solape con el universo: 0

TRAMO: 10,11,12,13,24,25,26,27,71,72,73,74,133,134,135,139,159,160,161,162,204,205,206,207,397,398,399,400,613,614,615,616,654,655,656,657,719,720,721,722,880,881,882,883,908,910,911,912,973,974,975,976,979,980,981,982,1070,1071,1072,1073,1206,1207,1212,1213,1372,1373,1374,1379,1807,1808,1809,1810,1818,1819,1820,1821,2031,2032,2033,2034,2158,2159,2160,2161,2427,2428,2429,2430,2661,2662,2663,2664,2837,2838,2839,2840,2914,2915,2916,2917,3071,3072,3073,3074,3090,3091,3092,3093,3172,3173,3174,3180,3186,3187,3188,3189,3330,3331,3332,3333

EL DOBLE: 14,15,16,17,28,29,30,31,75,76,77,78,140,141,144,145,163,164,165,166,208,209,210,211,401,402,403,404,617,618,619,620,658,659,662,663,723,724,725,726,884,885,886,887,913,914,915,916,983,984,985,986,987,988,989,990,1074,1075,1076,1077,1214,1215,1217,1218,1380,1381,1382,1383,1822,1823,1824,1825,1826,1827,1828,1829,2035,2036,2037,2038,2163,2164,2165,2166,2431,2432,2433,2434,2665,2666,2667,2668,2841,2842,2843,2844,2920,2921,2922,2923,3075,3076,3077,3078,3094,3095,3096,3097,3190,3191,3192,3193,3194,3195,3196,3197,3334,3335,3336,3337
