commits del archivo de veredictos: 194
puestos fechados: 3388
commits del grafo desde de20c078: 119
nodos con al menos un cambio de pasos: 383

CIFRA EXACTA: veredictos cuyo TEXTO DE UN NODO CAMBIO DESPUES de escribirse el veredicto
clase  total    afectados 
A      551      329       
B      72       26        
C      5        1         
D      2760     543       

D afectados, CIFRA: 543
D afectados, puestos: [163, 204, 208, 218, 231, 233, 243, 250, 259, 266, 267, 272, 277, 287, 316, 323, 332, 333, 362, 374, 407, 420, 427, 433, 445, 452, 459, 461, 464, 470, 471, 478, 490, 497, 509, 516, 522, 534, 543, 545, 546, 553, 554, 565, 566, 575, 582, 585, 592, 597, 598, 599, 607, 619, 620, 621, 632, 634, 649, 657, 678, 687, 688, 691, 693, 695, 696, 705, 710, 714, 717, 719, 720, 721, 724, 734, 738, 740, 744, 747, 754, 755, 760, 764, 768, 784, 810, 811, 813, 815, 827, 829, 830, 835, 844, 845, 848, 854, 855, 861, 863, 865, 869, 871, 877, 879, 886, 890, 894, 895, 896, 898, 899, 903, 910, 913, 915, 917, 919, 921, 947, 951, 958, 964, 971, 973, 974, 980, 982, 986, 990, 991, 998, 999, 1001, 1003, 1006, 1007, 1009, 1011, 1014, 1015, 1016, 1020, 1022, 1025, 1027, 1044, 1049, 1050, 1058, 1061, 1062, 1064, 1065, 1067, 1073, 1075, 1078, 1087, 1090, 1102, 1103, 1114, 1123, 1124, 1125, 1129, 1130, 1131, 1132, 1135, 1136, 1139, 1141, 1144, 1145, 1148, 1149, 1163, 1165, 1179, 1183, 1184, 1185, 1187, 1188, 1189, 1191, 1194, 1195, 1196, 1197, 1201, 1203, 1211, 1212, 1220, 1221, 1223, 1225, 1226, 1228, 1231, 1233, 1239, 1245, 1247, 1249, 1251, 1253, 1259, 1261, 1263, 1268, 1272, 1275, 1278, 1280, 1281, 1282, 1285, 1287, 1288, 1293, 1302, 1304, 1313, 1317, 1318, 1320, 1322, 1323, 1324, 1325, 1327, 1328, 1335, 1336, 1338, 1340, 1341, 1348, 1350, 1354, 1355, 1357, 1358, 1359, 1361, 1362, 1367, 1373, 1375, 1376, 1384, 1388, 1390, 1394, 1395, 1396, 1397, 1398, 1399, 1400, 1401, 1403, 1406, 1417, 1420, 1421, 1432, 1434, 1435, 1437, 1442, 1443, 1448, 1452, 1457, 1464, 1467, 1470, 1474, 1479, 1480, 1485, 1486, 1487, 1494, 1500, 1513, 1516, 1520, 1522, 1523, 1528, 1529, 1533, 1537, 1543, 1547, 1559, 1569, 1571, 1574, 1575, 1576, 1577, 1587, 1588, 1589, 1594, 1596, 1796, 1809, 1813, 1814, 1821, 1830, 1843, 1847, 1850, 1851, 1855, 1869, 1872, 1873, 1881, 1889, 1908, 1915, 1926, 1929, 1933, 1938, 1950, 1958, 1960, 1964, 1973, 1975, 1976, 1977, 1980, 1985, 1987, 1991, 1992, 1993, 1997, 1998, 2003, 2004, 2019, 2023, 2034, 2049, 2057, 2059, 2065, 2073, 2077, 2092, 2111, 2112, 2116, 2133, 2136, 2142, 2151, 2162, 2174, 2180, 2188, 2191, 2206, 2210, 2212, 2216, 2217, 2218, 2231, 2238, 2240, 2258, 2270, 2275, 2277, 2287, 2297, 2308, 2339, 2356, 2394, 2399, 2411, 2413, 2427, 2442, 2444, 2450, 2464, 2479, 2502, 2510, 2527, 2534, 2538, 2539, 2549, 2555, 2561, 2563, 2564, 2583, 2585, 2586, 2608, 2610, 2612, 2621, 2632, 2644, 2646, 2649, 2653, 2654, 2658, 2660, 2677, 2682, 2688, 2695, 2703, 2704, 2706, 2710, 2718, 2720, 2723, 2735, 2743, 2772, 2777, 2793, 2799, 2805, 2806, 2824, 2827, 2828, 2832, 2854, 2862, 2867, 2870, 2878, 2879, 2883, 2892, 2898, 2901, 2904, 2915, 2916, 2921, 2922, 2931, 2932, 2933, 2938, 2940, 2949, 2953, 2958, 2964, 2965, 2972, 2975, 2976, 2989, 3001, 3002, 3009, 3011, 3022, 3023, 3025, 3028, 3029, 3031, 3033, 3034, 3042, 3043, 3044, 3051, 3056, 3060, 3070, 3072, 3073, 3075, 3076, 3087, 3088, 3108, 3114, 3115, 3116, 3118, 3121, 3139, 3144, 3149, 3158, 3173, 3174, 3175, 3176, 3183, 3186, 3188, 3190, 3191, 3192, 3197, 3198, 3200, 3215, 3216, 3220, 3222, 3225, 3231, 3233, 3238, 3245, 3250, 3252, 3255, 3371]
B afectados: [170, 180, 181, 196, 224, 253, 286, 369, 405, 422, 591, 648, 668, 690, 718, 737, 767, 771, 775, 798, 831, 843, 851, 957, 968, 1298]
C afectados: [494]
2464 entre los D afectados: True
